001,9300.0
002,12120.0
003,18990.0
004,6590.0
005,12320.0
006,7200.0
007,13430.0
008,13690.0
009,14100.0
010,10830.0
011,14000.0
012,13220.0
013,13550.0
014,15820.0
015,12300.0
016,9300.0
017,10470.0
019,12760.0
020,3950.0
021,7620.0
022,7660.0
023,6090.0
024,9900.0
025,13300.0
026,12930.0
027,12960.0
028,19660.0
029,22470.0
030,16170.000000000002
031,15420.0
032,14130.0
034,4080.0
035,4200.0
037,14740.0
038,14730.0
039,13140.0
040,13790.0
041,12280.0
042,12410.0
043,12330.0
044,11210.0
045,10080.0
046,9600.0
047,8300.0
048,8130.000000000001
049,8130.000000000001
050,7640.0
051,7360.0
052,7360.0
053,7360.0
056,7920.0
058,7500.0
059,6210.0
060,6060.0
061,7930.0
062,10000.0
063,10960.0
064,14230.0
065,14930.0
066,13890.0
067,14380.0
068,13010.0
069,15230.0
070,13890.0
071,14350.0
072,14500.0
073,14310.0
074,13750.0
075,14090.0
076,13750.0
077,4400.0
079,5110.0
080,12780.0
081,11540.0
082,11350.0
083,9600.0
084,10780.0
085,12560.0
086,9990.0
087,7490.0
088,4230.0
089,8170.0
090,8210.0
091,7820.0
092,9730.0
093,9820.0
094,4490.0
095,9410.0
096,3060.0
098,5120.0
099,8990.0
100,9000.0
101,11530.0
102,7340.0
105,7170.0
106,12010.0
107,8450.0
108,8450.0
109,7690.0
110,4110.0
111,3100.0
112,4019.9999999999995
112-1,4000.0
115,10230.0
117,7650.0
118,7650.0
119,6500.0
121,3640.0
122-1,3600.0
122-2,6750.0
122-3,6390.0
123,3710.0
127,9980.0
128,7110.0
129,9730.0
130,9730.0
131,9340.0
132,8410.0
133,9840.0
134,9960.0
135,9970.0
136,9430.0
137,14380.0
138,14940.0
139,13310.0
140,13310.0
141,14480.0
143,14480.0
144,13310.0
145,13310.0
146,7800.0
147,13030.0
148,13740.0
150,2510.0
151,14010.0
153,14690.0
153-1,14100.0
154,14480.0
155,14670.0
156,14830.0
157,14190.0
158,14190.0
159,8540.0
163,14810.0
164,15230.0
165,14180.0
166,4490.0
167,22840.0
168,14110.0
169,14110.0
170,13040.0
171,12090.0
173,9240.0
174,7770.0
175,6560.0
177,6250.0
179,12870.0
180,12950.0
181,11280.0
182,5850.0
184,7470.0
185,7850.0
186,5480.0
188,9090.0
189,8630.0
190,2380.0
191,6860.0
192,7710.0
193,7250.0
194,7400.0
195,6860.0
196,6860.0
197,7290.0
198,5680.0
199,7680.0
200,7690.0
201,6920.0
202,7920.0
203,7050.0
204,8540.0
205,6090.0
207,8550.0
208,6830.0
209,7810.0
210,5530.0
211,6980.0
215,11320.0
218,17950.0
219,6870.0
220,12620.0
221,11420.0
223,6800.0
225,6340.0
226,2600.0
227,2500.0
228,5800.0
229,3100.0
230,3000.0
231,2800.0
232,2900.0
233,2800.0
234,3300.0
235,2300.0
236,3900.0
237,11290.0
238,2600.0
239,2700.0
240,3000.0
241,2500.0
242,2800.0
243,7600.0
244,4700.0
245,4800.0
246,2600.0
247,5300.0
248,6790.0
249,5120.0
250,12940.0
251,9140.0
253,6630.0
255,8840.0
256,7200.0
257,2500.0
258,3000.0
259,3100.0
260,7470.0
261,6480.0
262,9880.0
263,9380.0
264,9240.0
265,4800.0
266,9580.0
267,10380.0
269,10110.0
270,10840.0
272,11080.0
273,11160.0
274,4170.0
275,2900.0
276,2300.0
276-1,5090.0
277,4170.0
278,11400.0
279,2900.0
280,8620.0
281,7400.0
282,3100.0
283,4900.0
283-1,6090.0
284,9070.0
285,4520.0
286,9880.0
287,13700.0
288,10300.0
289,13850.0
289-1,12030.0
289-2,13030.0
290,5920.0
291,6640.0
292,10770.0
293,11090.0
294,8710.0
295,3400.0
296,2300.0
297,2400.0
298,2900.0
299,5330.0
299-1,5290.0
299-2,7330.0
300,3300.0
301,2800.0
302,3200.0
303,3760.0
304,3200.0
305,7540.0
306,7050.0
307,7130.0
308,3450.0
309,10000.0
310,12000.0
311,9450.0
312,10430.0
313,3800.0
314,11100.0
315,9520.0
316,4970.0
318,8900.0
319,3300.0
320,6400.0
321,2300.0
322,2500.0
323,3800.0
324,2500.0
325,2800.0
326,4980.0
327,10680.0
328,13180.0
330,11950.0
331,5750.0
332,12180.0
333,12100.0
334,12700.0
335,12560.0
336,12560.0
337,8230.0
338,8990.0
339,12220.0
340,10720.0
341,11990.0
342,9560.0
343,10810.0
345,9490.0
346,11920.0
347,10880.0
348,8850.0
349,11760.0
350,11540.0
351,9790.0
355,9230.0
356,9520.0
357,9170.0
358,10440.0
359,11330.0
360,9770.0
361,8690.0
362,9360.0
363,8390.0
364,9280.0
365,8860.0
366,10300.0
367,7240.0
368,6930.0
369,7260.0
370,7370.0
371,8080.0
372,7780.0
372-1,6930.0
373,7540.0
374,8020.0
375,8780.0
376,6690.0
380,6330.0
381,7830.0
382,7320.0
383,8100.0
384,7330.0
385,2900.0
386,4019.9999999999995
387,8720.0
387-1,8780.0
388,9130.0
388-1,8740.0
389,8770.0
389-1,8700.0
390,5570.0
391,10220.0
392,9530.0
395,8880.0
396,12290.0
398,8800.0
399,8500.0
401,10400.0
403,13990.0
405,7800.0
406,10230.0
412,10450.0
413,6050.0
415,11280.0
416,11080.0
417,4370.0
419,6110.0
452,8540.0
456,8540.0
457,12860.0
459,11680.0
460,10670.0
461,12000.0
462,11410.0
463,11620.0
464,10390.0
465,12150.0
466,11190.0
467,11340.0
468,10890.0
469,11030.0
470,13160.0
471,11970.0
473,11330.0
476,14910.0
477,13260.0
478,13880.0
481,2200.0
482,1200.0
483,4200.0
484,4300.0
485,4100.0
486,7200.0
487,7100.0
488,7300.0
489,2700.0
490,3600.0
491,3900.0
492,6300.0
493,6600.0
494,6300.0
495,7800.0
496,7300.0
497,7600.0
498,6300.0
499,7100.0
500,9400.0
501,7300.0
502,8900.0
503,8900.0
504,10300.0
505,8800.0
506,7700.0
507,8930.0
508,9230.0
509,9310.0
510,11240.0
511,11330.0
512,11230.0
513,5600.0
514,9660.0
515,9730.0
516,9230.0
517,8950.0
517-1,9050.0
518,9890.0
519,9220.0
520,9230.0
521,8340.0
522,13890.0
523,14030.0
525,4300.0
526,16210.0
527,16350.000000000002
529,8750.0
530,7410.0
531,8230.0
532,8410.0
533,7960.0
534,8109.999999999999
537,7860.0
538,8610.0
539,8860.0
541,7200.0
542,7500.0
544,6300.0
545,5900.0
546,6100.0
547,4700.0
548,2100.0
549,3900.0
550,2500.0
551,2800.0
552,4100.0
553,4600.0
554,4500.0
555,4100.0
556,4300.0
557,5300.0
558,12320.0
559,11980.0
560,12030.0
561,8200.0
562,16550.0
563,7800.0
564,12200.0
565,12300.0
566,4700.0
567,2900.0
568,9320.0
569,7960.0
570,2700.0
571,8900.0
572,9860.0
573,6100.0
574,4400.0
575,4200.0
576,4600.0
577,4500.0
578,9220.0
579,4200.0
580,7320.0
581,4100.0
582,10330.0
583,13220.0
584,11010.0
585,10330.0
586,8260.0
587,7100.0
588,13880.0
589,10850.0
590,8500.0
591,13220.0
592,13660.0
593,3000.0
594,13260.0
595,14030.0
595-1,21780.0
596,14880.0
597,14650.0
598,7800.0
599,8300.0
600,3500.0
601,3600.0
602,3900.0
603,9560.0
604,8100.0
605,10650.0
606,3300.0
607,11030.0
608,4300.0
609,8950.0
610,8880.0
611,7900.0
612,6880.0
613,7800.0
614,7500.0
615,9320.0
616,7880.0
617,7660.0
618,8340.0
619,8410.0
621,6440.0
622,6680.0
624,5320.0
625,8690.0
626,8650.0
627,7890.0
628,18560.0
629,4100.0
630,12030.0
631,10950.0
633,8400.0
634,6500.0
635,6800.0
635-1,6300.0
636,5380.0
637,6320.0
638,5300.0
639,10430.0
640,11230.0
640-1,7890.0
641,11450.0
641-1,14320.0
642,11300.0
643,10950.0
644,9650.0
644-1,9680.0
645,8700.0
646,8600.0
647,8450.0
648,2800.0
649,3600.0
650,3800.0
651,10600.0
652,14500.0
653,10300.0
654,10100.0
655,12200.0
656,11400.0
657,10300.0
658,9200.0
659,10600.0
660,6900.0
661,11200.0
662,10200.0
663,11500.0
664,9800.0
665,9600.0
666,9300.0
667,9400.0
668,10300.0
669,10300.0
670,16200.0
671,11600.0
672,11100.0
673,10100.0
674,9800.0
675,10200.0
676,10600.0
677,8300.0
678,8400.0
679,9200.0
680,9800.0
681,5200.0
682,4300.0
683,8600.0
684,7800.0
684-1,5800.0
685,8300.0
686,5300.0
687,11300.0
688,5700.0
689,11800.0
690,11100.0
691,10600.0
692,10500.0
693,8600.0
694,5200.0
695,6900.0
696,7900.0
697,8100.0
698,8300.0
699,8300.0
700,11100.0
701,10200.0
702,11300.0
703,9200.0
704,9100.0
705,8700.0
706,8800.0
707,8200.0
708,8300.0
709,7600.0
710,7200.0
711,7300.0
712,7300.0
713,7400.0
714,7200.0
715,6700.0
716,8600.0
717,6200.0
718,6300.0
719,5500.0
720,5100.0
723,5100.0
724,5900.0
725,6300.0
726,5300.0
727,5400.0
728,6900.0
729,6800.0
730,6900.0
731,12300.0
732,11800.0
733,10300.0
734,12800.0
735,8300.0
736,8100.0
737,7300.0
738,8300.0
739,11200.0
740,9200.0
741,6900.0
742,8400.0
743,8300.0
744,8300.0
745,8600.0
746,8400.0
747,6230.0
748,9300.0
749,8700.0
750,7200.0
751,8300.0
752,7800.0
753,7400.0
754,7300.0
755,6400.0
756,6200.0
757,6300.0
758,7300.0
759,7200.0
760,6400.0
761,5300.0
762,4300.0
765,13310.0
766,13310.0 
